=== Run information ===

Scheme:       weka.classifiers.meta.AdaBoostM1 -P 100 -S 1 -I 10 -W weka.classifiers.functions.LDA -- -R 1.0E-6
Relation:     train_data
Instances:    41836
Attributes:   24
              BMI
              Smoking
              AlcoholDrinking
              Stroke
              PhysicalHealth
              MentalHealth
              DiffWalking
              AgeCategory
              Diabetic
              PhysicalActivity
              GenHealth
              SleepTime
              Asthma
              KidneyDisease
              SkinCancer
              Sex_Female
              Sex_Male
              Race_American_indian_Alaskan_native
              Race_Asian
              Race_Black
              Race_Hispanic
              Race_Other
              Race_White
              HeartDisease
Test mode:    user supplied test set:  size unknown (reading incrementally)

=== Classifier model (full training set) ===

AdaBoostM1: Base classifiers and their weights: 

LDA model (multivariate Gaussian for each class)

Pooled estimator

Natural logarithm of normalizing factor: 20.12225711286791

Mean vector:

        23                  23
         1  4.620685710847e-01
         2  4.932354909647e-01
         3  5.655416387800e-02
         4  9.171526914619e-02
         5  1.726264461229e-01
         6  1.377035726806e-01
         7  2.325270102304e-01
         8  6.281555508413e-01
         9  1.563964050100e-01
        10  7.216990152023e-01
        11  5.600141026867e-01
        12  5.071917726360e-01
        13  1.504206903146e-01
        14  7.589157663257e-02
        15  1.358399464576e-01
        16  4.706472894158e-01
        17  5.293527105842e-01
        18  1.816617267425e-02
        19  1.787933836887e-02
        20  6.410746725308e-02
        21  7.094368486471e-02
        22  3.269911081365e-02
        23  7.962042260255e-01

Inverse of covariance matrix:

  41.78  0.39  0.67  0.82  1.23  0.42 -1.77  2.66 -4.47  1.15  2.75  1.13 -0.83 -0.10  0.48  0.42 -0.42 -0.56  3.07 -1.48 -0.02 -0.43 -0.58
  0.39  4.42 -0.95 -0.04 -0.02 -0.38 -0.15 -0.53 -0.07  0.25  1.00  0.32 -0.08  0.17  0.11  0.25 -0.25 -0.52  0.43  0.15  0.36 -0.21 -0.21
  0.67 -0.95  19.24  0.08  0.11 -0.56  0.11  1.09  0.75  0.10 -0.36 -0.22  0.01  0.21 -0.10 -0.03  0.03 -0.05  0.44  0.02 -0.05 -0.05 -0.31
  0.82 -0.04  0.08  13.14 -0.36 -0.33 -0.82 -0.43 -0.51  0.12  0.90 -0.20 -0.25 -0.41 -0.04 -0.01  0.01 -0.27  0.02 -0.24  0.29 -0.11  0.31
  1.23 -0.02  0.11 -0.36  15.34 -2.66 -2.67  0.51  0.01  0.64  6.77  1.00 -0.27 -0.68 -0.08 -0.00  0.00 -0.05  0.12  0.29  0.14 -0.25 -0.25
  0.42 -0.38 -0.56 -0.33 -2.66  15.54 -0.47  3.66  0.13  0.15  2.10  2.76 -0.45  0.03 -0.15 -0.44  0.44 -0.27  0.60  0.05  0.09 -0.29 -0.17
 -1.77 -0.15  0.11 -0.82 -2.67 -0.47  8.43 -1.70 -0.51  1.05  2.05  0.44 -0.39 -0.51 -0.05 -0.21  0.21 -0.26  0.15 -0.09  0.03  0.02  0.15
  2.66 -0.53  1.09 -0.43  0.51  3.66 -1.70  20.72 -1.55  0.63  1.64 -3.14  1.21 -0.62 -2.85 -0.43  0.43 -0.08  1.05 -0.68  1.28  0.09 -1.66
 -4.47 -0.07  0.75 -0.51  0.01  0.13 -0.51 -1.55  15.19  0.19  2.11 -0.16 -0.24 -1.45  0.23  0.04 -0.04 -0.05 -0.55 -0.02 -0.14  0.18  0.57
  1.15  0.25  0.10  0.12  0.64  0.15  1.05  0.63  0.19  5.87 -1.21  0.01 -0.08  0.13 -0.18  0.14 -0.14  0.14 -0.04  0.00  0.35 -0.25 -0.20
  2.75  1.00 -0.36  0.90  6.77  2.10  2.05  1.64  2.11 -1.21  23.25 -1.36  0.82  1.18 -0.03 -0.04  0.04  0.18 -0.23  0.34  0.45 -0.18 -0.57
  1.13  0.32 -0.22 -0.20  1.00  2.76  0.44 -3.14 -0.16  0.01 -1.36  38.17  0.46 -0.06 -0.20 -0.02  0.02 -0.31  0.49  0.52 -0.44  0.35 -0.61
 -0.83 -0.08  0.01 -0.25 -0.27 -0.45 -0.39  1.21 -0.24 -0.08  0.82  0.46  8.27 -0.17 -0.15 -0.24  0.24 -0.06  0.17 -0.02  0.08 -0.28  0.10
 -0.10  0.17  0.21 -0.41 -0.68  0.03 -0.51 -0.62 -1.45  0.13  1.18 -0.06 -0.17  15.48 -0.45 -0.04  0.04  0.06  0.11 -0.20  0.01  0.02 -0.00
  0.48  0.11 -0.10 -0.04 -0.08 -0.15 -0.05 -2.85  0.23 -0.18 -0.03 -0.20 -0.15 -0.45  9.36  0.16 -0.16  0.09  0.15  0.52  0.05 -0.15 -0.66
  0.42  0.25 -0.03 -0.01 -0.00 -0.44 -0.21 -0.43  0.04  0.14 -0.04 -0.02 -0.24 -0.04  0.16  500001.08  499998.92 -0.03  0.19 -0.17 -0.02 -0.02  0.05
 -0.42 -0.25  0.03  0.01  0.00  0.44  0.21  0.43 -0.04 -0.14  0.04  0.02  0.24  0.04 -0.16  499998.92  500001.08  0.03 -0.19  0.17  0.02  0.02 -0.05
 -0.56 -0.52 -0.05 -0.27 -0.05 -0.27 -0.26 -0.08 -0.05  0.14  0.18 -0.31 -0.06  0.06  0.09 -0.03  0.03  166708.35  166652.70  166659.74  166659.86  166657.24  166662.10
  3.07  0.43  0.44  0.02  0.12  0.60  0.15  1.05 -0.55 -0.04 -0.23  0.49  0.17  0.11  0.15  0.19 -0.19  166652.70  166709.35  166659.35  166659.91  166656.94  166661.75
 -1.48  0.15  0.02 -0.24  0.29  0.05 -0.09 -0.68 -0.02  0.00  0.34  0.52 -0.02 -0.20  0.52 -0.17  0.17  166659.74  166659.35  166682.04  166666.49  166663.76  166668.62
 -0.02  0.36 -0.05  0.29  0.14  0.09  0.03  1.28 -0.14  0.35  0.45 -0.44  0.08  0.01  0.05 -0.02  0.02  166659.86  166659.91  166666.49  166681.03  166663.97  166668.72
 -0.43 -0.21 -0.05 -0.11 -0.25 -0.29  0.02  0.09  0.18 -0.25 -0.18  0.35 -0.28  0.02 -0.15 -0.02  0.02  166657.24  166656.94  166663.76  166663.97  166691.91  166666.17
 -0.58 -0.21 -0.31  0.31 -0.25 -0.17  0.15 -1.66  0.57 -0.20 -0.57 -0.61  0.10 -0.00 -0.66  0.05 -0.05  166662.10  166661.75  166668.62  166668.72  166666.17  166672.63



Estimates for class value Yes

Natural logarithm of class prior probability: -0.69
Class prior probability: 0.5

Mean vector:

BMI: 0.48
Smoking: 0.59
AlcoholDrinking: 0.04
Stroke: 0.16
PhysicalHealth: 0.25
MentalHealth: 0.15
DiffWalking: 0.35
AgeCategory: 0.75
Diabetic: 0.23
PhysicalActivity: 0.65
GenHealth: 0.45
SleepTime: 0.51
Asthma: 0.17
KidneyDisease: 0.12
SkinCancer: 0.18
Sex_Female: 0.41
Sex_Male: 0.59
Race_American_indian_Alaskan_native: 0.02
Race_Asian: 0.01
Race_Black: 0.06
Race_Hispanic: 0.05
Race_Other: 0.03
Race_White: 0.83

Estimates for class value No

Natural logarithm of class prior probability: -0.69
Class prior probability: 0.5

Mean vector:

BMI: 0.45
Smoking: 0.4
AlcoholDrinking: 0.07
Stroke: 0.03
PhysicalHealth: 0.09
MentalHealth: 0.13
DiffWalking: 0.11
AgeCategory: 0.51
Diabetic: 0.09
PhysicalActivity: 0.79
GenHealth: 0.67
SleepTime: 0.51
Asthma: 0.13
KidneyDisease: 0.03
SkinCancer: 0.09
Sex_Female: 0.53
Sex_Male: 0.47
Race_American_indian_Alaskan_native: 0.02
Race_Asian: 0.03
Race_Black: 0.07
Race_Hispanic: 0.09
Race_Other: 0.03
Race_White: 0.76



Weight: 1.17

LDA model (multivariate Gaussian for each class)

Pooled estimator

Natural logarithm of normalizing factor: 20.101149065536237

Mean vector:

        23                  23
         1  4.641077038727e-01
         2  4.989786552171e-01
         3  5.676645526167e-02
         4  8.128722774770e-02
         5  1.678728876528e-01
         6  1.358541851797e-01
         7  2.279121579520e-01
         8  6.477078203179e-01
         9  1.540435476806e-01
        10  7.229726741314e-01
        11  5.610495134798e-01
        12  5.072589946840e-01
        13  1.510983343475e-01
        14  6.834241126928e-02
        15  1.361716975795e-01
        16  4.752456620120e-01
        17  5.247543379881e-01
        18  1.818237672066e-02
        19  1.659684322281e-02
        20  6.660336983929e-02
        21  7.013520652119e-02
        22  3.199445530356e-02
        23  7.964877483924e-01

Inverse of covariance matrix:

  41.66  0.42  0.53  0.86  1.16  0.44 -1.88  3.19 -4.45  1.07  2.60  1.08 -0.81 -0.12  0.45  0.44 -0.44 -0.62  3.10 -1.53  0.09 -0.39 -0.64
  0.42  4.32 -0.91 -0.07 -0.03 -0.40 -0.17 -0.49  0.01  0.25  1.10  0.31 -0.06  0.09  0.11  0.25 -0.25 -0.46  0.43  0.13  0.36 -0.25 -0.22
  0.53 -0.91  19.13  0.14  0.12 -0.53  0.12  1.33  0.82  0.11 -0.34 -0.27  0.02  0.21 -0.14 -0.02  0.02  0.01  0.46  0.00 -0.07 -0.08 -0.32
  0.86 -0.07  0.14  14.21 -0.32 -0.39 -0.84 -0.73 -0.59  0.08  1.01 -0.32 -0.26 -0.55 -0.03  0.01 -0.01 -0.14 -0.04 -0.24  0.34 -0.17  0.25
  1.16 -0.03  0.12 -0.32  15.29 -2.75 -2.60  0.48  0.14  0.57  6.68  0.95 -0.29 -0.69 -0.13  0.01 -0.01  0.02  0.12  0.29  0.13 -0.31 -0.26
  0.44 -0.40 -0.53 -0.39 -2.75  15.70 -0.47  3.72  0.12  0.14  2.07  2.92 -0.51  0.06 -0.19 -0.45  0.45 -0.15  0.56  0.08  0.07 -0.33 -0.22
 -1.88 -0.17  0.12 -0.84 -2.60 -0.47  8.14 -1.83 -0.46  1.05  2.07  0.44 -0.33 -0.49 -0.06 -0.20  0.20 -0.35  0.26 -0.05  0.06 -0.06  0.14
  3.19 -0.49  1.33 -0.73  0.48  3.72 -1.83  20.33 -2.00  0.70  2.11 -3.38  1.11 -0.86 -2.92 -0.30  0.30 -0.05  1.09 -0.67  1.33  0.04 -1.74
 -4.45  0.01  0.82 -0.59  0.14  0.12 -0.46 -2.00  14.79  0.22  2.36 -0.11 -0.24 -1.33  0.24  0.07 -0.07 -0.05 -0.67  0.06 -0.23  0.22  0.67
  1.07  0.25  0.11  0.08  0.57  0.14  1.05  0.70  0.22  5.80 -1.24  0.13 -0.07  0.10 -0.18  0.15 -0.15  0.08 -0.12  0.03  0.39 -0.20 -0.17
  2.60  1.10 -0.34  1.01  6.68  2.07  2.07  2.11  2.36 -1.24  22.47 -1.44  0.83  1.33 -0.07 -0.06  0.06  0.27 -0.27  0.46  0.42 -0.29 -0.59
  1.08  0.31 -0.27 -0.32  0.95  2.92  0.44 -3.38 -0.11  0.13 -1.44  38.26  0.47 -0.06 -0.18 -0.05  0.05 -0.50  0.70  0.50 -0.34  0.24 -0.60
 -0.81 -0.06  0.02 -0.26 -0.29 -0.51 -0.33  1.11 -0.24 -0.07  0.83  0.47  8.21 -0.15 -0.17 -0.23  0.23  0.07  0.13 -0.04  0.04 -0.30  0.10
 -0.12  0.09  0.21 -0.55 -0.69  0.06 -0.49 -0.86 -1.33  0.10  1.33 -0.06 -0.15  16.70 -0.49 -0.02  0.02 -0.08  0.25 -0.23  0.01  0.06 -0.01
  0.45  0.11 -0.14 -0.03 -0.13 -0.19 -0.06 -2.92  0.24 -0.18 -0.07 -0.18 -0.17 -0.49  9.27  0.16 -0.16  0.10  0.21  0.51  0.07 -0.20 -0.69
  0.44  0.25 -0.02  0.01  0.01 -0.45 -0.20 -0.30  0.07  0.15 -0.06 -0.05 -0.23 -0.02  0.16  500001.07  499998.93 -0.02  0.19 -0.17 -0.02 -0.03  0.05
 -0.44 -0.25  0.02 -0.01 -0.01  0.45  0.20  0.30 -0.07 -0.15  0.06  0.05  0.23  0.02 -0.16  499998.93  500001.07  0.02 -0.19  0.17  0.02  0.03 -0.05
 -0.62 -0.46  0.01 -0.14  0.02 -0.15 -0.35 -0.05 -0.05  0.08  0.27 -0.50  0.07 -0.08  0.10 -0.02  0.02  166708.40  166652.15  166659.98  166660.00  166657.25  166662.22
  3.10  0.43  0.46 -0.04  0.12  0.56  0.26  1.09 -0.67 -0.12 -0.27  0.70  0.13  0.25  0.21  0.19 -0.19  166652.15  166712.34  166658.84  166659.27  166656.24  166661.17
 -1.53  0.13  0.00 -0.24  0.29  0.08 -0.05 -0.67  0.06  0.03  0.46  0.50 -0.04 -0.23  0.51 -0.17  0.17  166659.98  166658.84  166681.78  166666.69  166663.87  166668.84
  0.09  0.36 -0.07  0.34  0.13  0.07  0.06  1.33 -0.23  0.39  0.42 -0.34  0.04  0.01  0.07 -0.02  0.02  166660.00  166659.27  166666.69  166681.27  166663.96  166668.82
 -0.39 -0.25 -0.08 -0.17 -0.31 -0.33 -0.06  0.04  0.22 -0.20 -0.29  0.24 -0.30  0.06 -0.20 -0.03  0.03  166657.25  166656.24  166663.87  166663.96  166692.50  166666.19
 -0.64 -0.22 -0.32  0.25 -0.26 -0.22  0.14 -1.74  0.67 -0.17 -0.59 -0.60  0.10 -0.01 -0.69  0.05 -0.05  166662.22  166661.17  166668.84  166668.82  166666.19  166672.77



Estimates for class value Yes

Natural logarithm of class prior probability: -0.73
Class prior probability: 0.48

Mean vector:

BMI: 0.47
Smoking: 0.53
AlcoholDrinking: 0.05
Stroke: 0.11
PhysicalHealth: 0.2
MentalHealth: 0.14
DiffWalking: 0.27
AgeCategory: 0.69
Diabetic: 0.18
PhysicalActivity: 0.7
GenHealth: 0.52
SleepTime: 0.5
Asthma: 0.16
KidneyDisease: 0.09
SkinCancer: 0.15
Sex_Female: 0.45
Sex_Male: 0.55
Race_American_indian_Alaskan_native: 0.02
Race_Asian: 0.01
Race_Black: 0.07
Race_Hispanic: 0.06
Race_Other: 0.03
Race_White: 0.81

Estimates for class value No

Natural logarithm of class prior probability: -0.66
Class prior probability: 0.52

Mean vector:

BMI: 0.46
Smoking: 0.47
AlcoholDrinking: 0.06
Stroke: 0.05
PhysicalHealth: 0.14
MentalHealth: 0.13
DiffWalking: 0.19
AgeCategory: 0.61
Diabetic: 0.13
PhysicalActivity: 0.74
GenHealth: 0.6
SleepTime: 0.51
Asthma: 0.14
KidneyDisease: 0.05
SkinCancer: 0.12
Sex_Female: 0.5
Sex_Male: 0.5
Race_American_indian_Alaskan_native: 0.02
Race_Asian: 0.02
Race_Black: 0.07
Race_Hispanic: 0.08
Race_Other: 0.03
Race_White: 0.78



Weight: 0.2

LDA model (multivariate Gaussian for each class)

Pooled estimator

Natural logarithm of normalizing factor: 20.119946750274725

Mean vector:

        23                  23
         1  4.645781968787e-01
         2  4.999889787267e-01
         3  5.691128801475e-02
         4  7.965691502101e-02
         5  1.675879445422e-01
         6  1.357492922650e-01
         7  2.267104502556e-01
         8  6.509343816743e-01
         9  1.532050542499e-01
        10  7.235217275992e-01
        11  5.612944093000e-01
        12  5.070921297288e-01
        13  1.510291515632e-01
        14  6.725391663735e-02
        15  1.362269070962e-01
        16  4.759079500268e-01
        17  5.240920499730e-01
        18  1.820237449585e-02
        19  1.623560045365e-02
        20  6.698238711914e-02
        21  7.001314214060e-02
        22  3.182800453757e-02
        23  7.967384912531e-01

Inverse of covariance matrix:

  41.61  0.42  0.53  0.86  1.16  0.44 -1.89  3.24 -4.44  1.06  2.60  1.07 -0.81 -0.12  0.44  0.45 -0.45 -0.61  3.11 -1.55  0.10 -0.40 -0.64
  0.42  4.31 -0.91 -0.07 -0.03 -0.40 -0.17 -0.46  0.02  0.25  1.09  0.32 -0.06  0.07  0.11  0.25 -0.25 -0.44  0.43  0.13  0.37 -0.26 -0.22
  0.53 -0.91  19.08  0.15  0.13 -0.53  0.13  1.34  0.82  0.12 -0.29 -0.29  0.02  0.22 -0.14 -0.02  0.02  0.03  0.47 -0.00 -0.06 -0.09 -0.34
  0.86 -0.07  0.15  14.39 -0.31 -0.40 -0.84 -0.79 -0.59  0.08  1.02 -0.35 -0.26 -0.55 -0.02  0.01 -0.01 -0.11 -0.06 -0.25  0.36 -0.18  0.24
  1.16 -0.03  0.13 -0.31  15.26 -2.75 -2.60  0.46  0.14  0.56  6.69  0.95 -0.30 -0.67 -0.13  0.01 -0.01  0.04  0.13  0.29  0.13 -0.33 -0.26
  0.44 -0.40 -0.53 -0.40 -2.75  15.70 -0.47  3.73  0.11  0.14  2.06  2.95 -0.51  0.06 -0.19 -0.45  0.45 -0.12  0.56  0.08  0.06 -0.34 -0.23
 -1.89 -0.17  0.13 -0.84 -2.60 -0.47  8.13 -1.83 -0.45  1.05  2.05  0.44 -0.32 -0.49 -0.06 -0.21  0.21 -0.36  0.27 -0.04  0.06 -0.07  0.15
  3.24 -0.46  1.34 -0.79  0.46  3.73 -1.83  20.48 -2.01  0.70  2.04 -3.40  1.11 -0.91 -2.92 -0.29  0.29 -0.05  1.15 -0.69  1.32  0.04 -1.77
 -4.44  0.02  0.82 -0.59  0.14  0.11 -0.45 -2.01  14.79  0.24  2.33 -0.11 -0.23 -1.31  0.24  0.07 -0.07 -0.06 -0.68  0.07 -0.24  0.23  0.68
  1.06  0.25  0.12  0.08  0.56  0.14  1.05  0.70  0.24  5.79 -1.23  0.13 -0.07  0.09 -0.17  0.15 -0.15  0.08 -0.14  0.03  0.39 -0.20 -0.17
  2.60  1.09 -0.29  1.02  6.69  2.06  2.05  2.04  2.33 -1.23  22.44 -1.45  0.83  1.35 -0.07 -0.04  0.04  0.30 -0.27  0.47  0.41 -0.32 -0.59
  1.07  0.32 -0.29 -0.35  0.95  2.95  0.44 -3.40 -0.11  0.13 -1.45  38.27  0.48 -0.08 -0.18 -0.05  0.05 -0.52  0.70  0.50 -0.32  0.23 -0.59
 -0.81 -0.06  0.02 -0.26 -0.30 -0.51 -0.32  1.11 -0.23 -0.07  0.83  0.48  8.21 -0.14 -0.17 -0.23  0.23  0.09  0.12 -0.04  0.03 -0.31  0.11
 -0.12  0.07  0.22 -0.55 -0.67  0.06 -0.49 -0.91 -1.31  0.09  1.35 -0.08 -0.14  16.88 -0.49 -0.02  0.02 -0.10  0.28 -0.24  0.01  0.06 -0.01
  0.44  0.11 -0.14 -0.02 -0.13 -0.19 -0.06 -2.92  0.24 -0.17 -0.07 -0.18 -0.17 -0.49  9.26  0.16 -0.16  0.11  0.20  0.51  0.08 -0.21 -0.69
  0.45  0.25 -0.02  0.01  0.01 -0.45 -0.21 -0.29  0.07  0.15 -0.04 -0.05 -0.23 -0.02  0.16  500001.07  499998.94 -0.02  0.18 -0.17 -0.02 -0.03  0.05
 -0.45 -0.25  0.02 -0.01 -0.01  0.45  0.21  0.29 -0.07 -0.15  0.04  0.05  0.23  0.02 -0.16  499998.94  500001.07  0.02 -0.18  0.16  0.02  0.03 -0.05
 -0.61 -0.44  0.03 -0.11  0.04 -0.12 -0.36 -0.05 -0.06  0.08  0.30 -0.52  0.09 -0.10  0.11 -0.02  0.02  166708.39  166651.98  166660.04  166660.05  166657.26  166662.26
  3.11  0.43  0.47 -0.06  0.13  0.56  0.27  1.15 -0.68 -0.14 -0.27  0.70  0.12  0.28  0.20  0.18 -0.18  166651.98  166713.27  166658.67  166659.07  166656.02  166660.98
 -1.55  0.13 -0.00 -0.25  0.29  0.08 -0.04 -0.69  0.07  0.03  0.47  0.50 -0.04 -0.24  0.51 -0.17  0.16  166660.04  166658.67  166681.76  166666.74  166663.89  166668.89
  0.10  0.37 -0.06  0.36  0.13  0.06  0.06  1.32 -0.24  0.39  0.41 -0.32  0.03  0.01  0.08 -0.02  0.02  166660.05  166659.07  166666.74  166681.31  166663.96  166668.85
 -0.40 -0.26 -0.09 -0.18 -0.33 -0.34 -0.07  0.04  0.23 -0.20 -0.32  0.23 -0.31  0.06 -0.21 -0.03  0.03  166657.26  166656.02  166663.89  166663.96  166692.65  166666.20
 -0.64 -0.22 -0.34  0.24 -0.26 -0.23  0.15 -1.77  0.68 -0.17 -0.59 -0.59  0.11 -0.01 -0.69  0.05 -0.05  166662.26  166660.98  166668.89  166668.85  166666.20  166672.80



Estimates for class value Yes

Natural logarithm of class prior probability: -0.71
Class prior probability: 0.49

Mean vector:

BMI: 0.47
Smoking: 0.52
AlcoholDrinking: 0.06
Stroke: 0.1
PhysicalHealth: 0.19
MentalHealth: 0.14
DiffWalking: 0.25
AgeCategory: 0.68
Diabetic: 0.17
PhysicalActivity: 0.71
GenHealth: 0.54
SleepTime: 0.51
Asthma: 0.16
KidneyDisease: 0.08
SkinCancer: 0.15
Sex_Female: 0.46
Sex_Male: 0.54
Race_American_indian_Alaskan_native: 0.02
Race_Asian: 0.01
Race_Black: 0.07
Race_Hispanic: 0.06
Race_Other: 0.03
Race_White: 0.81

Estimates for class value No

Natural logarithm of class prior probability: -0.67
Class prior probability: 0.51

Mean vector:

BMI: 0.46
Smoking: 0.48
AlcoholDrinking: 0.06
Stroke: 0.06
PhysicalHealth: 0.15
MentalHealth: 0.13
DiffWalking: 0.2
AgeCategory: 0.62
Diabetic: 0.14
PhysicalActivity: 0.74
GenHealth: 0.58
SleepTime: 0.51
Asthma: 0.15
KidneyDisease: 0.05
SkinCancer: 0.13
Sex_Female: 0.49
Sex_Male: 0.51
Race_American_indian_Alaskan_native: 0.02
Race_Asian: 0.02
Race_Black: 0.07
Race_Hispanic: 0.08
Race_Other: 0.03
Race_White: 0.79



Weight: 0.01

LDA model (multivariate Gaussian for each class)

Pooled estimator

Natural logarithm of normalizing factor: 20.12136026715014

Mean vector:

        23                  23
         1  4.646027046568e-01
         2  5.000401916210e-01
         3  5.691618173040e-02
         4  7.956963041002e-02
         5  1.675654815680e-01
         6  1.357409055411e-01
         7  2.266442911443e-01
         8  6.511072313753e-01
         9  1.531610451745e-01
        10  7.235496771404e-01
        11  5.613109382668e-01
        12  5.070844892517e-01
        13  1.510272588456e-01
        14  6.719532061939e-02
        15  1.362343740107e-01
        16  4.759368255226e-01
        17  5.240631744773e-01
        18  1.820115296444e-02
        19  1.621410420212e-02
        20  6.700485111159e-02
        21  7.000447726748e-02
        22  3.181762423128e-02
        23  7.967577902227e-01

Inverse of covariance matrix:

  41.61  0.42  0.53  0.86  1.15  0.44 -1.89  3.25 -4.44  1.06  2.60  1.07 -0.81 -0.12  0.44  0.45 -0.45 -0.61  3.11 -1.56  0.10 -0.40 -0.64
  0.42  4.31 -0.91 -0.07 -0.03 -0.40 -0.17 -0.46  0.02  0.25  1.09  0.32 -0.06  0.07  0.11  0.25 -0.25 -0.44  0.43  0.13  0.37 -0.26 -0.22
  0.53 -0.91  19.08  0.15  0.13 -0.52  0.13  1.34  0.82  0.12 -0.29 -0.29  0.02  0.22 -0.14 -0.02  0.02  0.03  0.47 -0.00 -0.06 -0.09 -0.34
  0.86 -0.07  0.15  14.40 -0.31 -0.40 -0.84 -0.79 -0.59  0.08  1.02 -0.36 -0.26 -0.55 -0.02  0.01 -0.01 -0.11 -0.06 -0.25  0.36 -0.18  0.24
  1.15 -0.03  0.13 -0.31  15.26 -2.75 -2.60  0.46  0.14  0.56  6.69  0.95 -0.30 -0.66 -0.13  0.01 -0.01  0.04  0.13  0.29  0.13 -0.33 -0.26
  0.44 -0.40 -0.52 -0.40 -2.75  15.70 -0.47  3.73  0.11  0.14  2.06  2.95 -0.52  0.07 -0.19 -0.45  0.45 -0.12  0.56  0.08  0.06 -0.34 -0.23
 -1.89 -0.17  0.13 -0.84 -2.60 -0.47  8.12 -1.83 -0.45  1.05  2.05  0.44 -0.32 -0.49 -0.06 -0.21  0.21 -0.37  0.27 -0.04  0.06 -0.07  0.15
  3.25 -0.46  1.34 -0.79  0.46  3.73 -1.83  20.49 -2.01  0.70  2.04 -3.40  1.12 -0.92 -2.92 -0.29  0.29 -0.05  1.15 -0.69  1.32  0.04 -1.77
 -4.44  0.02  0.82 -0.59  0.14  0.11 -0.45 -2.01  14.79  0.24  2.33 -0.11 -0.23 -1.31  0.24  0.07 -0.07 -0.06 -0.68  0.07 -0.24  0.23  0.68
  1.06  0.25  0.12  0.08  0.56  0.14  1.05  0.70  0.24  5.79 -1.23  0.13 -0.07  0.09 -0.17  0.15 -0.15  0.08 -0.14  0.03  0.39 -0.20 -0.17
  2.60  1.09 -0.29  1.02  6.69  2.06  2.05  2.04  2.33 -1.23  22.44 -1.45  0.83  1.35 -0.07 -0.04  0.04  0.30 -0.27  0.48  0.41 -0.32 -0.59
  1.07  0.32 -0.29 -0.36  0.95  2.95  0.44 -3.40 -0.11  0.13 -1.45  38.27  0.48 -0.08 -0.18 -0.05  0.05 -0.52  0.70  0.50 -0.32  0.23 -0.59
 -0.81 -0.06  0.02 -0.26 -0.30 -0.52 -0.32  1.12 -0.23 -0.07  0.83  0.48  8.21 -0.14 -0.17 -0.23  0.23  0.09  0.12 -0.04  0.03 -0.31  0.11
 -0.12  0.07  0.22 -0.55 -0.66  0.07 -0.49 -0.92 -1.31  0.09  1.35 -0.08 -0.14  16.90 -0.49 -0.02  0.02 -0.10  0.28 -0.24  0.01  0.06 -0.01
  0.44  0.11 -0.14 -0.02 -0.13 -0.19 -0.06 -2.92  0.24 -0.17 -0.07 -0.18 -0.17 -0.49  9.26  0.16 -0.16  0.11  0.20  0.51  0.08 -0.21 -0.69
  0.45  0.25 -0.02  0.01  0.01 -0.45 -0.21 -0.29  0.07  0.15 -0.04 -0.05 -0.23 -0.02  0.16  500001.04  499998.91 -0.02  0.18 -0.17 -0.02 -0.03  0.05
 -0.45 -0.25  0.02 -0.01 -0.01  0.45  0.21  0.29 -0.07 -0.15  0.04  0.05  0.23  0.02 -0.16  499998.91  500001.04  0.02 -0.18  0.17  0.02  0.03 -0.05
 -0.61 -0.44  0.03 -0.11  0.04 -0.12 -0.37 -0.05 -0.06  0.08  0.30 -0.52  0.09 -0.10  0.11 -0.02  0.02  166708.40  166651.97  166660.05  166660.05  166657.27  166662.27
  3.11  0.43  0.47 -0.06  0.13  0.56  0.27  1.15 -0.68 -0.14 -0.27  0.70  0.12  0.28  0.20  0.18 -0.18  166651.97  166713.33  166658.66  166659.06  166656.01  166660.97
 -1.56  0.13 -0.00 -0.25  0.29  0.08 -0.04 -0.69  0.07  0.03  0.48  0.50 -0.04 -0.24  0.51 -0.17  0.17  166660.05  166658.66  166681.76  166666.75  166663.90  166668.90
  0.10  0.37 -0.06  0.36  0.13  0.06  0.06  1.32 -0.24  0.39  0.41 -0.32  0.03  0.01  0.08 -0.02  0.02  166660.05  166659.06  166666.75  166681.32  166663.97  166668.86
 -0.40 -0.26 -0.09 -0.18 -0.33 -0.34 -0.07  0.04  0.23 -0.20 -0.32  0.23 -0.31  0.06 -0.21 -0.03  0.03  166657.27  166656.01  166663.90  166663.97  166692.66  166666.20
 -0.64 -0.22 -0.34  0.24 -0.26 -0.23  0.15 -1.77  0.68 -0.17 -0.59 -0.59  0.11 -0.01 -0.69  0.05 -0.05  166662.27  166660.97  166668.90  166668.86  166666.20  166672.81



Estimates for class value Yes

Natural logarithm of class prior probability: -0.71
Class prior probability: 0.49

Mean vector:

BMI: 0.47
Smoking: 0.52
AlcoholDrinking: 0.06
Stroke: 0.1
PhysicalHealth: 0.19
MentalHealth: 0.14
DiffWalking: 0.25
AgeCategory: 0.68
Diabetic: 0.17
PhysicalActivity: 0.71
GenHealth: 0.54
SleepTime: 0.51
Asthma: 0.16
KidneyDisease: 0.08
SkinCancer: 0.15
Sex_Female: 0.46
Sex_Male: 0.54
Race_American_indian_Alaskan_native: 0.02
Race_Asian: 0.01
Race_Black: 0.07
Race_Hispanic: 0.06
Race_Other: 0.03
Race_White: 0.81

Estimates for class value No

Natural logarithm of class prior probability: -0.67
Class prior probability: 0.51

Mean vector:

BMI: 0.46
Smoking: 0.48
AlcoholDrinking: 0.06
Stroke: 0.06
PhysicalHealth: 0.15
MentalHealth: 0.13
DiffWalking: 0.2
AgeCategory: 0.62
Diabetic: 0.14
PhysicalActivity: 0.74
GenHealth: 0.58
SleepTime: 0.51
Asthma: 0.15
KidneyDisease: 0.05
SkinCancer: 0.13
Sex_Female: 0.49
Sex_Male: 0.51
Race_American_indian_Alaskan_native: 0.02
Race_Asian: 0.02
Race_Black: 0.07
Race_Hispanic: 0.08
Race_Other: 0.03
Race_White: 0.79



Weight: 0.0

Number of performed Iterations: 4


Time taken to build model: 0.71 seconds

=== Evaluation on test set ===

Time taken to test model on supplied test set: 0.1 seconds

=== Summary ===

Correctly Classified Instances        8023               76.7017 %
Incorrectly Classified Instances      2437               23.2983 %
Kappa statistic                          0.534 
Mean absolute error                      0.3412
Root mean squared error                  0.4208
Relative absolute error                 68.2456 %
Root relative squared error             84.1547 %
Total Number of Instances            10460     

=== Detailed Accuracy By Class ===

                 TP Rate  FP Rate  Precision  Recall   F-Measure  MCC      ROC Area  PRC Area  Class
                 0.788    0.254    0.756      0.788    0.772      0.535    0.787     0.730     Yes
                 0.746    0.212    0.779      0.746    0.762      0.535    0.787     0.731     No
Weighted Avg.    0.767    0.233    0.767      0.767    0.767      0.535    0.787     0.731     

=== Confusion Matrix ===

    a    b   <-- classified as
 4116 1110 |    a = Yes
 1327 3907 |    b = No

